1 0.750781 0.093981 0.060937 0.130556
1 0.500000 0.291667 0.056250 0.118519
1 0.564844 0.775000 0.059896 0.142593
1 0.376302 0.903241 0.059896 0.147222
1 0.040625 0.842593 0.060417 0.170370
1 0.123438 0.731481 0.062500 0.140741
1 0.169531 0.649074 0.053646 0.125926
1 0.267969 0.379167 0.047396 0.117593
0 0.098698 0.353241 0.047396 0.117593
1 0.260677 0.096759 0.052604 0.102778
1 0.086719 0.199074 0.041146 0.107407
1 0.663281 0.095833 0.049479 0.123148
1 0.895573 0.185185 0.063021 0.124074
1 0.932552 0.547222 0.069271 0.135185
1 0.644010 0.371296 0.052604 0.114815
1 0.518490 0.685648 0.059896 0.115741
1 0.827865 0.031019 0.050521 0.060185
