1 0.560455 0.899031 0.053636 0.121163
1 0.931364 0.677706 0.066364 0.098546
1 0.891364 0.309370 0.057273 0.085622
1 0.821364 0.132472 0.048182 0.087237
1 0.748636 0.214055 0.050000 0.114701
1 0.661364 0.214055 0.046364 0.105008
1 0.638636 0.487076 0.046364 0.082391
1 0.498182 0.408724 0.052727 0.100162
1 0.263636 0.491115 0.040000 0.106624
1 0.120000 0.848950 0.060000 0.117932
1 0.167727 0.765751 0.046364 0.109855
1 0.258636 0.214055 0.048182 0.085622
1 0.080455 0.319063 0.040909 0.088853
0 0.095455 0.474960 0.045455 0.096931
1 0.517273 0.805331 0.050909 0.088853
1 0.038182 0.954766 0.058182 0.090468
1 0.479545 0.224556 0.051818 0.119548
