0 0.672363 0.387262 0.098633 0.156662
0 0.208984 0.325769 0.091797 0.130307
0 0.061035 0.261347 0.067383 0.101025
0 0.909668 0.221083 0.065430 0.114202
0 0.947266 0.051977 0.058594 0.098097
0 0.849121 0.090776 0.073242 0.096633
0 0.421387 0.038799 0.043945 0.065886
0 0.284668 0.089312 0.059570 0.093704
0 0.120117 0.039531 0.052734 0.076135
0 0.178223 0.075403 0.043945 0.071742
0 0.320312 0.258419 0.066406 0.118594
0 0.578613 0.243777 0.075195 0.121523
0 0.722656 0.038799 0.056641 0.074671
0 0.524902 0.045388 0.061523 0.087848
