1 0.301026 0.514631 0.107692 0.164122
1 0.583590 0.438295 0.061538 0.095420
1 0.889231 0.442112 0.049231 0.080153
1 0.475385 0.449746 0.037949 0.062341
1 0.047179 0.579517 0.082051 0.123410
1 0.091282 0.421120 0.034872 0.050891
1 0.211795 0.424936 0.033846 0.050891
1 0.129744 0.391858 0.021538 0.038168
1 0.431282 0.387405 0.023590 0.039440
1 0.805128 0.438931 0.022564 0.038168
1 0.961026 0.398855 0.020513 0.036896
1 0.250769 0.358779 0.023590 0.045802
1 0.183077 0.344784 0.023590 0.038168
1 0.311795 0.355598 0.024615 0.034351
1 0.835897 0.399491 0.018462 0.033079
