0 0.875625 0.490833 0.038750 0.048333
1 0.785000 0.480000 0.032500 0.050000
0 0.720625 0.440833 0.028750 0.055000
0 0.658750 0.407500 0.030000 0.051667
0 0.616875 0.427500 0.036250 0.055000
1 0.538750 0.423333 0.037500 0.060000
0 0.470625 0.416667 0.031250 0.053333
0 0.442500 0.393333 0.025000 0.046667
0 0.370625 0.406667 0.031250 0.060000
0 0.284375 0.395000 0.031250 0.050000
0 0.201875 0.396667 0.033750 0.053333
1 0.072500 0.436667 0.017500 0.033333
0 0.254375 0.556667 0.028750 0.046667
0 0.843750 0.455833 0.020000 0.031667
