1 0.105603 0.579609 0.070402 0.187151
1 0.265805 0.920391 0.089080 0.153631
1 0.429598 0.888268 0.091954 0.201117
1 0.329741 0.583799 0.070402 0.189944
1 0.065374 0.265363 0.061782 0.128492
1 0.135057 0.114525 0.057471 0.139665
1 0.341236 0.238827 0.067529 0.142458
1 0.420259 0.354749 0.064655 0.173184
1 0.216236 0.509777 0.076149 0.181564
1 0.626437 0.585196 0.063218 0.164804
1 0.808190 0.677374 0.067529 0.187151
1 0.970546 0.437151 0.058908 0.187151
1 0.929598 0.196927 0.048851 0.142458
1 0.543103 0.361732 0.051724 0.131285
1 0.602011 0.317039 0.060345 0.153631
1 0.767960 0.410615 0.053161 0.156425
1 0.850575 0.353352 0.054598 0.131285
1 0.663075 0.114525 0.047414 0.139665
