0 0.768066 0.208912 0.045898 0.070602
0 0.735352 0.110532 0.039062 0.068287
0 0.674805 0.168403 0.039062 0.063657
0 0.637695 0.087963 0.042969 0.067130
0 0.589844 0.206597 0.039062 0.063657
0 0.510742 0.291088 0.052734 0.084491
0 0.538574 0.120949 0.043945 0.068287
0 0.458008 0.118056 0.039062 0.062500
0 0.455566 0.252315 0.040039 0.067130
0 0.356934 0.284722 0.043945 0.062500
0 0.376465 0.122685 0.038086 0.064815
0 0.247559 0.083333 0.045898 0.062500
0 0.227539 0.149306 0.042969 0.062500
0 0.181152 0.213542 0.045898 0.070602
