1 0.795000 0.765000 0.050000 0.080000
1 0.955625 0.828333 0.041250 0.066667
1 0.665000 0.655833 0.050000 0.078333
1 0.981250 0.561667 0.025000 0.066667
1 0.850625 0.505000 0.041250 0.063333
1 0.545000 0.675000 0.050000 0.070000
1 0.506250 0.896667 0.052500 0.086667
1 0.330000 0.853333 0.055000 0.080000
1 0.221250 0.818333 0.050000 0.083333
1 0.091875 0.826667 0.051250 0.083333
1 0.570000 0.487500 0.042500 0.061667
1 0.471250 0.471667 0.040000 0.066667
1 0.346875 0.418333 0.038750 0.056667
1 0.228125 0.585000 0.028750 0.083333
1 0.190625 0.569167 0.046250 0.075000
1 0.119375 0.568333 0.053750 0.073333
1 0.013125 0.544167 0.023750 0.091667
1 0.020625 0.388333 0.036250 0.053333
1 0.135000 0.385833 0.035000 0.058333
1 0.264375 0.426667 0.028750 0.060000
1 0.019375 0.185000 0.033750 0.056667
1 0.018750 0.095000 0.025000 0.043333
1 0.086250 0.194167 0.032500 0.058333
1 0.181250 0.199167 0.022500 0.058333
1 0.208750 0.135000 0.030000 0.050000
1 0.293750 0.226667 0.025000 0.053333
1 0.376250 0.208333 0.027500 0.053333
1 0.335000 0.141667 0.022500 0.053333
1 0.291875 0.026667 0.038750 0.050000
1 0.485625 0.252500 0.023750 0.065000
1 0.538750 0.246667 0.037500 0.060000
1 0.651875 0.300000 0.041250 0.053333
1 0.723125 0.301667 0.038750 0.063333
1 0.816875 0.314167 0.026250 0.061667
1 0.969375 0.350833 0.033750 0.055000
1 0.988750 0.206667 0.022500 0.060000
1 0.902500 0.184167 0.030000 0.071667
1 0.788750 0.158333 0.032500 0.060000
1 0.819375 0.059167 0.021250 0.055000
1 0.741875 0.066667 0.031250 0.046667
1 0.699375 0.177500 0.026250 0.051667
1 0.574375 0.149167 0.031250 0.051667
1 0.641875 0.060000 0.028750 0.046667
1 0.600000 0.018333 0.025000 0.033333
1 0.485000 0.119167 0.022500 0.058333
1 0.517500 0.055000 0.025000 0.043333
1 0.380000 0.044167 0.030000 0.048333
1 0.446250 0.055000 0.032500 0.036667
1 0.113125 0.023333 0.021250 0.043333
1 0.410000 0.640000 0.050000 0.073333
1 0.721250 0.495833 0.035000 0.061667
