0 0.124023 0.307749 0.035156 0.071637
0 0.237305 0.298977 0.046875 0.095029
0 0.217285 0.464181 0.028320 0.059942
0 0.297852 0.383772 0.046875 0.086257
0 0.398926 0.358918 0.043945 0.077485
0 0.316895 0.622807 0.043945 0.076023
0 0.498047 0.636696 0.041016 0.074561
0 0.521484 0.364766 0.046875 0.083333
0 0.607910 0.485380 0.047852 0.087719
0 0.689453 0.584795 0.044922 0.078947
0 0.771973 0.623538 0.043945 0.080409
0 0.726562 0.393275 0.044922 0.084795
0 0.633789 0.293129 0.046875 0.086257
0 0.720215 0.266082 0.040039 0.067251
