0 0.110352 0.386364 0.041016 0.077713
0 0.199707 0.419355 0.040039 0.082111
0 0.267578 0.501466 0.046875 0.087977
0 0.273438 0.262463 0.039062 0.076246
0 0.343262 0.450880 0.043945 0.086510
0 0.384766 0.368768 0.039062 0.080645
0 0.424316 0.503666 0.043945 0.083578
0 0.487305 0.478006 0.041016 0.082111
0 0.517578 0.379032 0.041016 0.068915
0 0.424805 0.224340 0.039062 0.079179
0 0.550781 0.230938 0.039062 0.071848
0 0.660645 0.233871 0.036133 0.071848
0 0.593750 0.515396 0.041016 0.086510
0 0.650391 0.480938 0.039062 0.085044
0 0.664551 0.381965 0.038086 0.074780
0 0.737793 0.546921 0.043945 0.087977
0 0.874512 0.530792 0.045898 0.079179
0 0.784668 0.470674 0.038086 0.076246
0 0.806641 0.390029 0.042969 0.076246
0 0.784668 0.291056 0.038086 0.071848
