0 0.118652 0.409505 0.053711 0.087240
0 0.187012 0.306641 0.051758 0.082031
0 0.269531 0.378906 0.050781 0.085938
0 0.237305 0.210938 0.046875 0.080729
0 0.428711 0.375651 0.052734 0.092448
0 0.354492 0.249349 0.052734 0.087240
0 0.336426 0.135417 0.041992 0.072917
0 0.472656 0.211589 0.042969 0.071615
0 0.530762 0.276042 0.045898 0.085938
0 0.522461 0.131510 0.041016 0.075521
0 0.607910 0.382812 0.047852 0.088542
0 0.663574 0.238932 0.051758 0.079427
0 0.640625 0.141276 0.048828 0.079427
0 0.827637 0.259115 0.053711 0.096354
0 0.809570 0.153646 0.039062 0.075521
