0 0.128906 0.343567 0.042969 0.084795
0 0.176758 0.255117 0.037109 0.074561
0 0.282227 0.423977 0.037109 0.076023
0 0.290039 0.250000 0.037109 0.073099
0 0.311035 0.177632 0.032227 0.065789
0 0.408203 0.445175 0.039062 0.071637
0 0.414551 0.308480 0.036133 0.073099
0 0.422852 0.212719 0.035156 0.077485
0 0.453125 0.192982 0.025391 0.061404
0 0.509277 0.190789 0.032227 0.059942
0 0.552246 0.301901 0.034180 0.065789
0 0.601562 0.395468 0.044922 0.083333
0 0.647949 0.321637 0.034180 0.067251
0 0.763672 0.315058 0.033203 0.065789
0 0.857910 0.354532 0.032227 0.062865
0 0.823730 0.220029 0.036133 0.071637
0 0.729004 0.240497 0.032227 0.065789
0 0.688965 0.159357 0.032227 0.058480
