0 0.210449 0.127604 0.036133 0.062500
0 0.245117 0.207031 0.039062 0.070312
0 0.231934 0.325521 0.043945 0.072917
0 0.357422 0.335286 0.039062 0.071615
0 0.371582 0.203125 0.040039 0.067708
0 0.365234 0.110026 0.035156 0.066406
0 0.500488 0.220703 0.034180 0.061198
0 0.519043 0.110026 0.036133 0.066406
0 0.512207 0.353516 0.041992 0.069010
0 0.657715 0.363281 0.041992 0.075521
0 0.644531 0.210938 0.046875 0.072917
0 0.676758 0.136068 0.035156 0.066406
0 0.795410 0.311198 0.043945 0.075521
0 0.773926 0.216146 0.041992 0.070312
0 0.820312 0.148438 0.037109 0.070312
