0 0.109863 0.316406 0.040039 0.062500
0 0.220215 0.318359 0.040039 0.063802
0 0.177734 0.270182 0.037109 0.061198
0 0.231445 0.194010 0.035156 0.057292
0 0.282715 0.282552 0.034180 0.057292
0 0.315430 0.157552 0.031250 0.054688
0 0.364746 0.229818 0.032227 0.061198
0 0.419434 0.148438 0.032227 0.062500
0 0.446289 0.277995 0.037109 0.061198
0 0.542969 0.212891 0.035156 0.053385
0 0.631836 0.180990 0.031250 0.049479
0 0.671387 0.254557 0.032227 0.061198
0 0.770508 0.141927 0.033203 0.052083
0 0.880859 0.336589 0.037109 0.063802
0 0.777832 0.327474 0.041992 0.066406
0 0.917480 0.492839 0.040039 0.063802
0 0.796387 0.472005 0.036133 0.058594
0 0.680664 0.477865 0.039062 0.059896
0 0.571777 0.341146 0.038086 0.062500
0 0.547363 0.473307 0.041992 0.069010
0 0.449219 0.520182 0.037109 0.058594
0 0.393555 0.475260 0.039062 0.070312
0 0.301758 0.478516 0.035156 0.063802
0 0.141602 0.562500 0.039062 0.067708
