0 0.889648 0.692708 0.039062 0.054688
0 0.649414 0.656901 0.044922 0.069010
0 0.524902 0.719401 0.045898 0.066406
0 0.401367 0.725260 0.041016 0.059896
0 0.263184 0.688802 0.043945 0.062500
0 0.335449 0.659505 0.038086 0.050781
0 0.153809 0.753255 0.038086 0.055990
0 0.066406 0.707031 0.041016 0.057292
0 0.027344 0.509115 0.037109 0.054688
0 0.069824 0.434245 0.034180 0.050781
0 0.169922 0.507812 0.037109 0.044271
0 0.194824 0.430990 0.028320 0.044271
0 0.299316 0.441406 0.028320 0.049479
0 0.056152 0.573568 0.032227 0.050781
0 0.088379 0.630208 0.040039 0.054688
0 0.212891 0.600911 0.041016 0.061198
0 0.263184 0.529297 0.032227 0.050781
0 0.373047 0.563802 0.037109 0.049479
0 0.467285 0.625000 0.030273 0.049479
0 0.496582 0.547526 0.030273 0.050781
0 0.550293 0.591146 0.032227 0.054688
0 0.516113 0.454427 0.024414 0.039062
0 0.704590 0.581380 0.030273 0.042969
0 0.639160 0.445964 0.028320 0.037760
0 0.717773 0.416667 0.025391 0.041667
0 0.816895 0.451823 0.028320 0.044271
0 0.864746 0.512370 0.030273 0.045573
0 0.852539 0.578776 0.031250 0.042969
0 0.765137 0.641927 0.034180 0.057292
0 0.798340 0.631510 0.026367 0.046875
0 0.934570 0.660807 0.035156 0.050781
0 0.957520 0.574219 0.032227 0.049479
0 0.918457 0.480469 0.032227 0.046875
0 0.988770 0.501302 0.022461 0.044271
0 0.759277 0.498047 0.026367 0.037760
0 0.631348 0.597656 0.024414 0.039062
