0 0.158203 0.418009 0.037109 0.065886
0 0.278809 0.421669 0.032227 0.061493
0 0.250000 0.579795 0.037109 0.070278
0 0.349121 0.598829 0.034180 0.070278
0 0.365234 0.429722 0.027344 0.060029
0 0.424316 0.437042 0.024414 0.054173
0 0.476074 0.464129 0.024414 0.058565
0 0.466309 0.602489 0.030273 0.057101
0 0.550781 0.443631 0.033203 0.058565
0 0.645996 0.459004 0.030273 0.057101
0 0.665527 0.579063 0.032227 0.060029
0 0.702637 0.452416 0.030273 0.064422
0 0.752930 0.462665 0.029297 0.055637
0 0.745117 0.616398 0.035156 0.064422
0 0.806152 0.639824 0.038086 0.070278
0 0.793945 0.451684 0.031250 0.062958
0 0.852539 0.466325 0.031250 0.065886
