0 0.058594 0.177083 0.041016 0.127315
0 0.121094 0.465278 0.054688 0.175926
0 0.179688 0.135417 0.041016 0.118056
0 0.286133 0.101852 0.037109 0.111111
0 0.286133 0.368056 0.042969 0.157407
0 0.386719 0.149306 0.031250 0.099537
0 0.450684 0.379630 0.040039 0.120370
0 0.458008 0.145833 0.031250 0.097222
0 0.539551 0.152778 0.030273 0.101852
0 0.551758 0.428241 0.033203 0.106481
0 0.634766 0.322917 0.033203 0.094907
0 0.723633 0.339120 0.037109 0.108796
0 0.808594 0.402778 0.042969 0.115741
0 0.914551 0.447917 0.049805 0.145833
