0 0.853516 0.340146 0.041016 0.067153
0 0.637695 0.683212 0.039062 0.058394
0 0.804199 0.654745 0.036133 0.054015
0 0.855957 0.669343 0.036133 0.054015
0 0.733887 0.532117 0.030273 0.042336
0 0.761719 0.424088 0.033203 0.054015
0 0.618164 0.324088 0.039062 0.067153
0 0.567871 0.476642 0.028320 0.045255
0 0.636719 0.513139 0.035156 0.048175
0 0.524414 0.602920 0.033203 0.046715
0 0.420410 0.582482 0.043945 0.075912
0 0.521973 0.414599 0.036133 0.055474
0 0.414551 0.384672 0.034180 0.071533
0 0.366699 0.446715 0.034180 0.067153
0 0.319336 0.327007 0.044922 0.067153
0 0.231445 0.356934 0.039062 0.062774
0 0.254883 0.554745 0.037109 0.058394
0 0.185059 0.589051 0.030273 0.054015
0 0.154297 0.515328 0.039062 0.067153
0 0.089844 0.636496 0.035156 0.052555
