0 0.169434 0.218433 0.022461 0.042090
0 0.205566 0.158926 0.022461 0.042090
0 0.241211 0.169811 0.019531 0.040639
0 0.280273 0.125544 0.021484 0.036284
0 0.299805 0.087083 0.017578 0.034833
0 0.345215 0.099419 0.018555 0.033382
0 0.395508 0.122642 0.019531 0.036284
0 0.416016 0.132075 0.017578 0.037736
0 0.458496 0.048621 0.018555 0.036284
0 0.456543 0.191582 0.022461 0.037736
0 0.473145 0.136430 0.018555 0.031930
0 0.512207 0.084906 0.020508 0.042090
0 0.497070 0.194485 0.023438 0.049347
0 0.468262 0.240929 0.026367 0.055152
0 0.516113 0.147315 0.022461 0.042090
0 0.547852 0.158200 0.023438 0.043541
0 0.561523 0.121190 0.019531 0.039187
0 0.585449 0.140784 0.016602 0.034833
0 0.602539 0.160377 0.019531 0.039187
0 0.578125 0.208999 0.023438 0.049347
0 0.128906 0.369376 0.029297 0.059507
0 0.166016 0.338171 0.027344 0.049347
0 0.185547 0.280842 0.025391 0.050798
0 0.226074 0.238752 0.024414 0.047896
0 0.271484 0.219158 0.021484 0.040639
0 0.300781 0.242380 0.023438 0.040639
0 0.263184 0.283745 0.026367 0.042090
0 0.253906 0.343251 0.027344 0.056604
0 0.221680 0.398403 0.031250 0.065312
0 0.056641 0.605951 0.027344 0.050798
0 0.072754 0.518142 0.030273 0.055152
0 0.116211 0.500000 0.027344 0.053701
0 0.108887 0.711901 0.024414 0.044993
0 0.244629 0.527576 0.028320 0.053701
0 0.293945 0.330189 0.025391 0.050798
0 0.317871 0.416546 0.028320 0.055152
0 0.355469 0.373004 0.025391 0.046444
0 0.370117 0.280116 0.023438 0.043541
0 0.324707 0.185051 0.020508 0.039187
0 0.365234 0.182148 0.023438 0.044993
0 0.397949 0.181422 0.022461 0.043541
0 0.444336 0.321480 0.027344 0.047896
0 0.470703 0.370827 0.025391 0.044993
0 0.389160 0.559507 0.026367 0.050798
0 0.408691 0.493469 0.028320 0.052250
0 0.503906 0.468795 0.029297 0.052250
0 0.551270 0.560958 0.028320 0.047896
0 0.577637 0.444122 0.028320 0.055152
0 0.642090 0.579100 0.028320 0.052250
0 0.684570 0.442671 0.025391 0.052250
0 0.715332 0.380261 0.026367 0.052250
0 0.761719 0.381713 0.025391 0.049347
0 0.771484 0.460087 0.027344 0.052250
0 0.852539 0.444122 0.029297 0.055152
0 0.816895 0.401306 0.028320 0.047896
0 0.939453 0.441945 0.031250 0.056604
0 0.924805 0.534107 0.027344 0.055152
0 0.854980 0.603048 0.026367 0.050798
0 0.539062 0.272134 0.027344 0.050798
0 0.587891 0.347605 0.025391 0.053701
0 0.625000 0.260522 0.027344 0.050798
0 0.673828 0.289550 0.023438 0.047896
0 0.637695 0.166183 0.021484 0.044993
0 0.649902 0.108853 0.020508 0.040639
0 0.719727 0.269956 0.023438 0.040639
0 0.747070 0.293179 0.025391 0.046444
0 0.809570 0.256168 0.023438 0.047896
0 0.741699 0.222787 0.020508 0.042090
0 0.776855 0.189405 0.024414 0.047896
0 0.805176 0.156749 0.020508 0.034833
0 0.676758 0.220610 0.021484 0.040639
0 0.664062 0.162554 0.017578 0.037736
0 0.712891 0.192308 0.021484 0.042090
0 0.734375 0.165457 0.021484 0.043541
0 0.763184 0.119739 0.018555 0.033382
