0 0.177246 0.261719 0.034180 0.052083
0 0.295410 0.225911 0.028320 0.048177
0 0.260742 0.308594 0.031250 0.057292
0 0.241699 0.429688 0.034180 0.059896
0 0.356934 0.321615 0.038086 0.067708
0 0.361328 0.240885 0.025391 0.054688
0 0.449707 0.280599 0.030273 0.055990
0 0.498535 0.305339 0.036133 0.063802
0 0.543457 0.250000 0.026367 0.044271
0 0.604980 0.293620 0.032227 0.058594
0 0.647949 0.372396 0.038086 0.062500
0 0.656250 0.250651 0.025391 0.048177
0 0.732910 0.328776 0.030273 0.050781
0 0.781250 0.365885 0.033203 0.057292
