1 0.035000 0.301248 0.024000 0.071301
1 0.110000 0.274510 0.040000 0.096257
0 0.219500 0.337790 0.035000 0.069519
1 0.258000 0.613191 0.028000 0.067736
1 0.305500 0.428699 0.035000 0.080214
0 0.312000 0.348485 0.028000 0.051693
1 0.349000 0.361854 0.032000 0.060606
0 0.391000 0.365419 0.026000 0.067736
1 0.418500 0.408200 0.031000 0.067736
1 0.464500 0.401070 0.029000 0.060606
0 0.535000 0.382353 0.028000 0.073084
1 0.572500 0.371658 0.029000 0.073084
1 0.641000 0.388592 0.026000 0.074866
1 0.723000 0.324421 0.030000 0.074866
