1 0.060417 0.379167 0.026389 0.058333
1 0.213194 0.303125 0.023611 0.047917
1 0.261806 0.370833 0.026389 0.045833
1 0.303472 0.378125 0.023611 0.064583
1 0.330556 0.287500 0.027778 0.062500
1 0.410417 0.291667 0.029167 0.054167
1 0.442361 0.446875 0.034722 0.072917
1 0.490972 0.380208 0.031944 0.064583
1 0.560417 0.323958 0.031944 0.072917
1 0.661806 0.286458 0.026389 0.052083
1 0.697222 0.278125 0.027778 0.064583
1 0.779861 0.298958 0.026389 0.056250
1 0.673611 0.432292 0.036111 0.081250
1 0.813889 0.387500 0.041667 0.079167
1 0.906250 0.336458 0.034722 0.072917
1 0.893056 0.258333 0.027778 0.062500
1 0.848611 0.547917 0.061111 0.150000
1 0.795139 0.515625 0.043056 0.118750
1 0.042361 0.486458 0.031944 0.077083
1 0.147917 0.514583 0.043056 0.112500
1 0.206250 0.553125 0.076389 0.210417
1 0.131250 0.435417 0.037500 0.075000
1 0.515972 0.319792 0.023611 0.043750
