0 0.229000 0.060159 0.027714 0.051030
0 0.207714 0.125936 0.030286 0.061798
0 0.119000 0.109785 0.028286 0.052903
0 0.098000 0.236891 0.023429 0.044007
0 0.064429 0.283708 0.031143 0.063670
0 0.209286 0.255384 0.030571 0.062266
0 0.202143 0.381086 0.030000 0.057116
0 0.056714 0.432116 0.031714 0.064607
0 0.162429 0.525515 0.034000 0.068820
0 0.043714 0.568820 0.029143 0.061798
0 0.149429 0.679541 0.033143 0.073502
0 0.029571 0.668773 0.036286 0.064139
0 0.129143 0.904260 0.034857 0.080993
0 0.396286 0.119850 0.016571 0.045880
0 0.453857 0.139981 0.025429 0.048689
1 0.470143 0.104401 0.017429 0.043071
1 0.515857 0.093165 0.019143 0.046816
0 0.459429 0.197331 0.021714 0.045412
0 0.581143 0.104401 0.022857 0.048689
0 0.524857 0.203886 0.016000 0.043539
0 0.545714 0.224251 0.023429 0.051498
0 0.617571 0.147706 0.024286 0.049157
0 0.657143 0.120552 0.017714 0.046348
0 0.690000 0.128979 0.022286 0.036049
0 0.714571 0.093165 0.021714 0.043071
0 0.719143 0.172051 0.025143 0.045412
0 0.706714 0.271536 0.026000 0.051498
0 0.636000 0.239466 0.022286 0.038858
0 0.587571 0.247191 0.025429 0.051498
0 0.637429 0.339185 0.029714 0.061330
0 0.698857 0.368680 0.027429 0.049157
0 0.729286 0.416433 0.030571 0.059457
0 0.741286 0.524345 0.029429 0.058052
0 0.734714 0.665028 0.031143 0.054775
0 0.771143 0.798923 0.029714 0.064139
0 0.638571 0.937032 0.027429 0.069757
0 0.642857 0.712547 0.030857 0.058989
0 0.598714 0.715590 0.033429 0.067884
0 0.562286 0.664092 0.028000 0.060393
0 0.648286 0.546582 0.029143 0.061330
0 0.615429 0.527622 0.024571 0.038390
0 0.551857 0.481742 0.031714 0.064607
0 0.560571 0.383193 0.030286 0.062266
0 0.533571 0.382491 0.022571 0.050562
1 0.521714 0.440543 0.027429 0.056180
1 0.436714 0.294242 0.024857 0.048221
0 0.474000 0.343399 0.016000 0.053839
0 0.453571 0.397472 0.019143 0.055243
0 0.456286 0.482210 0.028571 0.064607
0 0.430000 0.578652 0.029143 0.058989
0 0.467429 0.651451 0.030286 0.046348
0 0.491714 0.926498 0.036000 0.073034
