1 0.215278 0.272952 0.042778 0.066140
0 0.238056 0.186575 0.041667 0.098717
1 0.309167 0.259131 0.039444 0.097730
0 0.275278 0.336130 0.043889 0.087858
1 0.370278 0.329220 0.052778 0.087858
1 0.444167 0.231491 0.023889 0.093781
1 0.468056 0.177690 0.030556 0.102665
1 0.513611 0.173248 0.037222 0.087858
0 0.616389 0.198421 0.052778 0.114511
1 0.546389 0.278875 0.037222 0.081935
1 0.466389 0.447680 0.047222 0.107601
0 0.678333 0.115992 0.041111 0.085884
0 0.569167 0.131293 0.033889 0.080948
0 0.726667 0.145114 0.038889 0.082922
0 0.761111 0.245805 0.042222 0.092794
1 0.818056 0.105133 0.033889 0.089832
1 0.677778 0.401283 0.043333 0.095755
1 0.756389 0.514808 0.047222 0.119447
1 0.841111 0.487660 0.061111 0.118460
1 0.642778 0.544916 0.062222 0.144126
1 0.562778 0.498026 0.056667 0.127345
1 0.458889 0.611056 0.054444 0.118460
1 0.371111 0.500987 0.058889 0.145114
0 0.133611 0.432379 0.056111 0.124383
0 0.191667 0.662883 0.067778 0.178677
1 0.130833 0.621422 0.047222 0.143139
0 0.263333 0.783810 0.072222 0.171767
1 0.373889 0.841560 0.077778 0.206318
0 0.480556 0.795656 0.040000 0.128332
1 0.616389 0.887957 0.085000 0.190523
1 0.703333 0.765054 0.048889 0.181639
0 0.892222 0.728036 0.067778 0.149062
0 0.364722 0.170780 0.028333 0.084896
