1 0.044363 0.260067 0.038622 0.100671
1 0.109081 0.243289 0.049061 0.107383
1 0.237996 0.337248 0.043841 0.090604
1 0.311587 0.291107 0.044885 0.109060
1 0.275052 0.140940 0.044885 0.107383
1 0.341858 0.187081 0.042797 0.098993
1 0.391441 0.301174 0.045929 0.105705
1 0.448852 0.223154 0.052192 0.110738
1 0.510960 0.278523 0.053236 0.110738
1 0.572547 0.242450 0.046973 0.119128
1 0.690501 0.273490 0.036534 0.097315
1 0.750522 0.275168 0.025052 0.117450
1 0.838205 0.245805 0.052192 0.119128
1 0.943633 0.229027 0.043841 0.115772
