1 0.052083 0.267903 0.035833 0.078005
1 0.181667 0.244885 0.031667 0.062660
1 0.262917 0.248082 0.027500 0.074169
1 0.405833 0.230818 0.031667 0.072890
1 0.454583 0.224425 0.027500 0.060102
1 0.486250 0.214834 0.022500 0.063939
1 0.522917 0.164962 0.024167 0.043478
1 0.570833 0.343990 0.043333 0.097187
1 0.688333 0.363811 0.051667 0.118926
0 0.671667 0.203325 0.038333 0.076726
1 0.806667 0.335038 0.050000 0.081841
1 0.913750 0.436701 0.065833 0.154731
0 0.863333 0.413043 0.031667 0.086957
1 0.806250 0.175831 0.027500 0.067775
