0 0.155762 0.146484 0.038086 0.069010
0 0.153809 0.278646 0.041992 0.078125
0 0.253418 0.178385 0.040039 0.072917
0 0.327637 0.139323 0.038086 0.065104
0 0.326660 0.304036 0.040039 0.074219
0 0.415039 0.195312 0.037109 0.067708
0 0.512695 0.136068 0.039062 0.074219
0 0.515625 0.291667 0.039062 0.080729
0 0.594727 0.194010 0.033203 0.070312
0 0.686523 0.294271 0.039062 0.075521
0 0.692871 0.136068 0.038086 0.074219
0 0.754883 0.192708 0.037109 0.072917
0 0.852051 0.297526 0.040039 0.076823
0 0.865723 0.140625 0.040039 0.078125
